




% CIAT Proyect Final Code
% Carlos Andres Devia
% 02.02.2018

% .........................................................................
% .........................................................................
% Data Labels sexto vuelo

cont = 1;

IMG_171130_191318_0073_RGB.JPG,2017:11:30 19:13:18,76.365967,W,3.501214,N,993.236511
IMG_171130_191320_0074_RGB.JPG,2017:11:30 19:13:20,76.365971,W,3.501215,N,994.553467
IMG_171130_191322_0075_RGB.JPG,2017:11:30 19:13:22,76.365979,W,3.501215,N,997.994568
IMG_171130_191324_0076_RGB.JPG,2017:11:30 19:13:24,76.365981,W,3.501218,N,1000.533325
IMG_171130_191326_0077_RGB.JPG,2017:11:30 19:13:26,76.365974,W,3.501212,N,1001.488464
IMG_171130_191328_0078_RGB.JPG,2017:11:30 19:13:28,76.365971,W,3.501211,N,1001.894958
IMG_171130_191330_0079_RGB.JPG,2017:11:30 19:13:30,76.365972,W,3.501223,N,1001.934692
IMG_171130_191332_0080_RGB.JPG,2017:11:30 19:13:32,76.365988,W,3.501255,N,1002.222229
IMG_171130_191334_0081_RGB.JPG,2017:11:30 19:13:34,76.366009,W,3.501300,N,1002.126343
IMG_171130_191336_0082_RGB.JPG,2017:11:30 19:13:36,76.366032,W,3.501349,N,1002.287720
IMG_171130_191338_0083_RGB.JPG,2017:11:30 19:13:38,76.366055,W,3.501407,N,1003.074707
IMG_171130_191340_0084_RGB.JPG,2017:11:30 19:13:40,76.366079,W,3.501467,N,1002.821289
IMG_171130_191342_0085_RGB.JPG,2017:11:30 19:13:42,76.366089,W,3.501489,N,1003.225159
IMG_171130_191344_0086_RGB.JPG,2017:11:30 19:13:44,76.366093,W,3.501502,N,1001.749573
IMG_171130_191346_0087_RGB.JPG,2017:11:30 19:13:46,76.366094,W,3.501505,N,1000.010559
IMG_171130_193050_0120_RGB.JPG,2017:11:30 19:30:50,76.365991,W,3.501343,N,995.981079
IMG_171130_193052_0121_RGB.JPG,2017:11:30 19:30:52,76.365990,W,3.501348,N,994.797668
IMG_171130_193054_0122_RGB.JPG,2017:11:30 19:30:54,76.365988,W,3.501348,N,993.264099
IMG_171130_193056_0123_RGB.JPG,2017:11:30 19:30:56,76.365980,W,3.501331,N,992.777832
IMG_171130_193058_0124_RGB.JPG,2017:11:30 19:30:58,76.365960,W,3.501318,N,993.403748
IMG_171130_193100_0125_RGB.JPG,2017:11:30 19:31:00,76.365943,W,3.501279,N,993.964294
IMG_171130_193102_0126_RGB.JPG,2017:11:30 19:31:02,76.365929,W,3.501236,N,994.702271
IMG_171130_193104_0127_RGB.JPG,2017:11:30 19:31:04,76.365930,W,3.501220,N,994.142822
IMG_171130_193106_0128_RGB.JPG,2017:11:30 19:31:06,76.365928,W,3.501189,N,993.164856
IMG_171130_193108_0129_RGB.JPG,2017:11:30 19:31:08,76.365952,W,3.501159,N,992.880188
IMG_171130_193110_0130_RGB.JPG,2017:11:30 19:31:10,76.365953,W,3.501147,N,992.940796
IMG_171130_193112_0131_RGB.JPG,2017:11:30 19:31:12,76.365961,W,3.501134,N,993.023865
IMG_171130_193114_0132_RGB.JPG,2017:11:30 19:31:14,76.365977,W,3.501164,N,992.820496
IMG_171130_193116_0133_RGB.JPG,2017:11:30 19:31:16,76.365986,W,3.501211,N,992.513062
IMG_171130_193118_0134_RGB.JPG,2017:11:30 19:31:18,76.365994,W,3.501252,N,992.437378
IMG_171130_193120_0135_RGB.JPG,2017:11:30 19:31:20,76.366005,W,3.501291,N,991.803040
IMG_171130_193122_0136_RGB.JPG,2017:11:30 19:31:22,76.366018,W,3.501332,N,991.904297
IMG_171130_193124_0137_RGB.JPG,2017:11:30 19:31:24,76.366001,W,3.501352,N,993.361511
IMG_171130_193126_0138_RGB.JPG,2017:11:30 19:31:26,76.365990,W,3.501369,N,992.552979
IMG_171130_193128_0139_RGB.JPG,2017:11:30 19:31:28,76.365993,W,3.501371,N,992.680542
IMG_171130_193130_0140_RGB.JPG,2017:11:30 19:31:30,76.365995,W,3.501370,N,993.270081
IMG_171130_193132_0141_RGB.JPG,2017:11:30 19:31:32,76.365995,W,3.501352,N,994.254639
IMG_171130_193134_0142_RGB.JPG,2017:11:30 19:31:34,76.365979,W,3.501312,N,993.276062
IMG_171130_193136_0143_RGB.JPG,2017:11:30 19:31:36,76.365962,W,3.501262,N,993.859375
IMG_171130_193138_0144_RGB.JPG,2017:11:30 19:31:38,76.365946,W,3.501204,N,993.950012
IMG_171130_193140_0145_RGB.JPG,2017:11:30 19:31:40,76.365931,W,3.501141,N,992.887085
IMG_171130_193142_0146_RGB.JPG,2017:11:30 19:31:42,76.365927,W,3.501130,N,991.945984
IMG_171130_193144_0147_RGB.JPG,2017:11:30 19:31:44,76.365937,W,3.501103,N,991.717346
IMG_171130_193146_0148_RGB.JPG,2017:11:30 19:31:46,76.365954,W,3.501072,N,992.432312
IMG_171130_193148_0149_RGB.JPG,2017:11:30 19:31:48,76.365961,W,3.501069,N,993.415710
IMG_171130_193150_0150_RGB.JPG,2017:11:30 19:31:50,76.365962,W,3.501093,N,992.260864
IMG_171130_193152_0151_RGB.JPG,2017:11:30 19:31:52,76.365970,W,3.501121,N,991.747131
IMG_171130_193154_0152_RGB.JPG,2017:11:30 19:31:54,76.365980,W,3.501162,N,991.958313
IMG_171130_193156_0153_RGB.JPG,2017:11:30 19:31:56,76.365984,W,3.501218,N,990.896423
IMG_171130_193158_0154_RGB.JPG,2017:11:30 19:31:58,76.365993,W,3.501286,N,991.413391
IMG_171130_193200_0155_RGB.JPG,2017:11:30 19:32:00,76.365995,W,3.501296,N,991.440369
IMG_171130_193202_0156_RGB.JPG,2017:11:30 19:32:02,76.365995,W,3.501296,N,991.440369
IMG_171130_193204_0157_RGB.JPG,2017:11:30 19:32:04,76.365995,W,3.501296,N,991.440369
IMG_171130_193206_0158_RGB.JPG,2017:11:30 19:32:06,76.365995,W,3.501296,N,991.440369
IMG_171130_193208_0159_RGB.JPG,2017:11:30 19:32:08,76.365995,W,3.501296,N,991.440369
IMG_171130_193210_0160_RGB.JPG,2017:11:30 19:32:10,76.365995,W,3.501296,N,991.440369
IMG_171130_193212_0161_RGB.JPG,2017:11:30 19:32:12,76.365995,W,3.501296,N,991.440369
IMG_171130_193214_0162_RGB.JPG,2017:11:30 19:32:14,76.365995,W,3.501296,N,991.440369
IMG_171130_193216_0163_RGB.JPG,2017:11:30 19:32:16,76.366023,W,3.501519,N,993.412048
IMG_171130_193218_0164_RGB.JPG,2017:11:30 19:32:18,76.366023,W,3.501518,N,993.031250
IMG_171130_193220_0165_RGB.JPG,2017:11:30 19:32:20,76.366021,W,3.501518,N,990.760193
IMG_171130_193222_0166_RGB.JPG,2017:11:30 19:32:22,76.366022,W,3.501518,N,990.382324
IMG_171130_193224_0167_RGB.JPG,2017:11:30 19:32:24,76.366022,W,3.501518,N,990.382324
IMG_171130_193226_0168_RGB.JPG,2017:11:30 19:32:26,76.366022,W,3.501518,N,990.382324



X = 'IMG_171215_163033_0082_RGB.JPG,2017:12:15 16:30:33,76.365974,W,3.501185,N,998.602478'; CIAT_2_Auxiliary_Code
X = 'IMG_171215_163035_0083_RGB.JPG,2017:12:15 16:30:35,76.365986,W,3.501162,N,999.106079'; CIAT_2_Auxiliary_Code
X = 'IMG_171215_163037_0084_RGB.JPG,2017:12:15 16:30:37,76.365983,W,3.501158,N,999.397156'; CIAT_2_Auxiliary_Code
X = 'IMG_171215_163039_0085_RGB.JPG,2017:12:15 16:30:39,76.365994,W,3.501167,N,1000.151184'; CIAT_2_Auxiliary_Code
X = 'IMG_171215_163041_0086_RGB.JPG,2017:12:15 16:30:41,76.366003,W,3.501187,N,999.711182'; CIAT_2_Auxiliary_Code
X = 'IMG_171215_163043_0087_RGB.JPG,2017:12:15 16:30:43,76.365997,W,3.501194,N,999.935608'; CIAT_2_Auxiliary_Code
X = 'IMG_171215_163045_0088_RGB.JPG,2017:12:15 16:30:45,76.366001,W,3.501210,N,1000.208496'; CIAT_2_Auxiliary_Code
X = 'IMG_171215_163047_0089_RGB.JPG,2017:12:15 16:30:47,76.366005,W,3.501223,N,1000.194031'; CIAT_2_Auxiliary_Code
X = 'IMG_171215_163049_0090_RGB.JPG,2017:12:15 16:30:49,76.366006,W,3.501234,N,1000.101807'; CIAT_2_Auxiliary_Code
X = 'IMG_171215_163051_0091_RGB.JPG,2017:12:15 16:30:51,76.366003,W,3.501239,N,1000.723511'; CIAT_2_Auxiliary_Code
X = 'IMG_171215_163053_0092_RGB.JPG,2017:12:15 16:30:53,76.365988,W,3.501252,N,1000.572449'; CIAT_2_Auxiliary_Code
X = 'IMG_171215_163055_0093_RGB.JPG,2017:12:15 16:30:55,76.365986,W,3.501254,N,1001.147156'; CIAT_2_Auxiliary_Code
X = 'IMG_171215_163057_0094_RGB.JPG,2017:12:15 16:30:57,76.365965,W,3.501261,N,1002.127747'; CIAT_2_Auxiliary_Code
X = 'IMG_171215_163059_0095_RGB.JPG,2017:12:15 16:30:59,76.365939,W,3.501259,N,1001.927185'; CIAT_2_Auxiliary_Code
X = 'IMG_171215_163101_0096_RGB.JPG,2017:12:15 16:31:01,76.365910,W,3.501241,N,1001.712646'; CIAT_2_Auxiliary_Code
X = 'IMG_171215_163103_0097_RGB.JPG,2017:12:15 16:31:03,76.365916,W,3.501239,N,1002.052002'; CIAT_2_Auxiliary_Code
X = 'IMG_171215_163105_0098_RGB.JPG,2017:12:15 16:31:05,76.365938,W,3.501230,N,1002.587219'; CIAT_2_Auxiliary_Code
X = 'IMG_171215_163107_0099_RGB.JPG,2017:12:15 16:31:07,76.365972,W,3.501220,N,1002.455200'; CIAT_2_Auxiliary_Code
X = 'IMG_171215_163109_0100_RGB.JPG,2017:12:15 16:31:09,76.365978,W,3.501214,N,1002.139465'; CIAT_2_Auxiliary_Code
