



% CIAT Proyect Final Code
% Carlos Andres Devia
% 11.12.2017

% .........................................................................
% .........................................................................
% Data Labels 3

cont = 1;








X = 'IMG_171011_201813_0007_RGB.JPG,2017:10:11 20:18:13,76.366034,W,3.501416,N,991.943665'; CIAT_2_Auxiliary_Code
X = 'IMG_171011_201816_0008_RGB.JPG,2017:10:11 20:18:16,76.366027,W,3.501393,N,992.951355'; CIAT_2_Auxiliary_Code
X = 'IMG_171011_201817_0009_RGB.JPG,2017:10:11 20:18:17,76.366030,W,3.501384,N,992.775513'; CIAT_2_Auxiliary_Code
X = 'IMG_171011_201820_0010_RGB.JPG,2017:10:11 20:18:20,76.366024,W,3.501362,N,993.353210'; CIAT_2_Auxiliary_Code
X = 'IMG_171011_201821_0011_RGB.JPG,2017:10:11 20:18:21,76.366024,W,3.501362,N,993.353210'; CIAT_2_Auxiliary_Code
X = 'IMG_171011_201824_0012_RGB.JPG,2017:10:11 20:18:24,76.366024,W,3.501362,N,993.353210'; CIAT_2_Auxiliary_Code
X = 'IMG_171011_201825_0013_RGB.JPG,2017:10:11 20:18:25,76.366024,W,3.501362,N,993.353210'; CIAT_2_Auxiliary_Code
X = 'IMG_171011_201828_0014_RGB.JPG,2017:10:11 20:18:28,76.366024,W,3.501362,N,993.353210'; CIAT_2_Auxiliary_Code
X = 'IMG_171011_201829_0015_RGB.JPG,2017:10:11 20:18:29,76.366024,W,3.501362,N,993.353210'; CIAT_2_Auxiliary_Code
X = 'IMG_171011_201832_0016_RGB.JPG,2017:10:11 20:18:32,76.366024,W,3.501362,N,993.353210'; CIAT_2_Auxiliary_Code
X = 'IMG_171011_201833_0017_RGB.JPG,2017:10:11 20:18:33,76.366024,W,3.501362,N,993.353210'; CIAT_2_Auxiliary_Code
X = 'IMG_171011_201835_0018_RGB.JPG,2017:10:11 20:18:35,76.366024,W,3.501362,N,993.353210'; CIAT_2_Auxiliary_Code
X = 'IMG_171011_201837_0019_RGB.JPG,2017:10:11 20:18:37,76.366024,W,3.501362,N,993.353210'; CIAT_2_Auxiliary_Code
X = 'IMG_171011_201839_0020_RGB.JPG,2017:10:11 20:18:39,76.366024,W,3.501362,N,993.353210'; CIAT_2_Auxiliary_Code
X = 'IMG_171011_201841_0021_RGB.JPG,2017:10:11 20:18:41,76.366024,W,3.501362,N,993.353210'; CIAT_2_Auxiliary_Code
X = 'IMG_171011_201843_0022_RGB.JPG,2017:10:11 20:18:43,76.366024,W,3.501362,N,993.353210'; CIAT_2_Auxiliary_Code
X = 'IMG_171011_201845_0023_RGB.JPG,2017:10:11 20:18:45,76.366024,W,3.501362,N,993.353210'; CIAT_2_Auxiliary_Code
X = 'IMG_171011_201847_0024_RGB.JPG,2017:10:11 20:18:47,76.366024,W,3.501362,N,993.353210'; CIAT_2_Auxiliary_Code
X = 'IMG_171011_201849_0025_RGB.JPG,2017:10:11 20:18:49,76.366024,W,3.501362,N,993.353210'; CIAT_2_Auxiliary_Code
X = 'IMG_171011_201851_0026_RGB.JPG,2017:10:11 20:18:51,76.366024,W,3.501362,N,993.353210'; CIAT_2_Auxiliary_Code
X = 'IMG_171011_201853_0027_RGB.JPG,2017:10:11 20:18:53,76.366024,W,3.501362,N,993.353210'; CIAT_2_Auxiliary_Code
X = 'IMG_171011_201855_0028_RGB.JPG,2017:10:11 20:18:55,76.366024,W,3.501362,N,993.353210'; CIAT_2_Auxiliary_Code
X = 'IMG_171011_201857_0029_RGB.JPG,2017:10:11 20:18:57,76.366024,W,3.501362,N,993.353210'; CIAT_2_Auxiliary_Code
X = 'IMG_171011_201859_0030_RGB.JPG,2017:10:11 20:18:59,76.366024,W,3.501362,N,993.353210'; CIAT_2_Auxiliary_Code
X = 'IMG_171011_201901_0031_RGB.JPG,2017:10:11 20:19:01,76.365950,W,3.501209,N,1000.110657'; CIAT_2_Auxiliary_Code
X = 'IMG_171011_201903_0032_RGB.JPG,2017:10:11 20:19:03,76.365927,W,3.501198,N,1000.489502'; CIAT_2_Auxiliary_Code
X = 'IMG_171011_201905_0033_RGB.JPG,2017:10:11 20:19:05,76.365916,W,3.501208,N,1000.052429'; CIAT_2_Auxiliary_Code
X = 'IMG_171011_201907_0034_RGB.JPG,2017:10:11 20:19:07,76.365934,W,3.501244,N,999.327393'; CIAT_2_Auxiliary_Code
X = 'IMG_171011_201909_0035_RGB.JPG,2017:10:11 20:19:09,76.365954,W,3.501280,N,998.370361'; CIAT_2_Auxiliary_Code
X = 'IMG_171011_201911_0036_RGB.JPG,2017:10:11 20:19:11,76.365962,W,3.501297,N,998.196777'; CIAT_2_Auxiliary_Code
X = 'IMG_171011_201913_0037_RGB.JPG,2017:10:11 20:19:13,76.365963,W,3.501302,N,998.178711'; CIAT_2_Auxiliary_Code
X = 'IMG_171011_201915_0038_RGB.JPG,2017:10:11 20:19:15,76.365967,W,3.501319,N,998.250183'; CIAT_2_Auxiliary_Code
X = 'IMG_171011_201917_0039_RGB.JPG,2017:10:11 20:19:17,76.365976,W,3.501345,N,997.418823'; CIAT_2_Auxiliary_Code
X = 'IMG_171011_201919_0040_RGB.JPG,2017:10:11 20:19:19,76.365997,W,3.501386,N,997.003479'; CIAT_2_Auxiliary_Code
X = 'IMG_171011_201921_0041_RGB.JPG,2017:10:11 20:19:21,76.366016,W,3.501423,N,996.127563'; CIAT_2_Auxiliary_Code
X = 'IMG_171011_201923_0042_RGB.JPG,2017:10:11 20:19:23,76.366014,W,3.501433,N,996.376221'; CIAT_2_Auxiliary_Code
X = 'IMG_171011_201925_0043_RGB.JPG,2017:10:11 20:19:25,76.366001,W,3.501411,N,996.177002'; CIAT_2_Auxiliary_Code
X = 'IMG_171011_201927_0044_RGB.JPG,2017:10:11 20:19:27,76.365986,W,3.501377,N,996.594910'; CIAT_2_Auxiliary_Code
X = 'IMG_171011_201929_0045_RGB.JPG,2017:10:11 20:19:29,76.365972,W,3.501341,N,996.687866'; CIAT_2_Auxiliary_Code
X = 'IMG_171011_201931_0046_RGB.JPG,2017:10:11 20:19:31,76.365960,W,3.501308,N,997.138184'; CIAT_2_Auxiliary_Code
X = 'IMG_171011_201933_0047_RGB.JPG,2017:10:11 20:19:33,76.365947,W,3.501277,N,997.527222'; CIAT_2_Auxiliary_Code
X = 'IMG_171011_201935_0048_RGB.JPG,2017:10:11 20:19:35,76.365937,W,3.501249,N,997.849365'; CIAT_2_Auxiliary_Code
X = 'IMG_171011_201937_0049_RGB.JPG,2017:10:11 20:19:37,76.365925,W,3.501225,N,998.217651'; CIAT_2_Auxiliary_Code
X = 'IMG_171011_201939_0050_RGB.JPG,2017:10:11 20:19:39,76.365919,W,3.501191,N,998.427917'; CIAT_2_Auxiliary_Code
X = 'IMG_171011_201941_0051_RGB.JPG,2017:10:11 20:19:41,76.365925,W,3.501158,N,998.907654'; CIAT_2_Auxiliary_Code
X = 'IMG_171011_201943_0052_RGB.JPG,2017:10:11 20:19:43,76.365926,W,3.501172,N,998.760864'; CIAT_2_Auxiliary_Code
X = 'IMG_171011_201945_0053_RGB.JPG,2017:10:11 20:19:45,76.365939,W,3.501216,N,997.810913'; CIAT_2_Auxiliary_Code
X = 'IMG_171011_201947_0054_RGB.JPG,2017:10:11 20:19:47,76.365961,W,3.501273,N,997.367432'; CIAT_2_Auxiliary_Code
X = 'IMG_171011_201949_0055_RGB.JPG,2017:10:11 20:19:49,76.365978,W,3.501331,N,996.975220'; CIAT_2_Auxiliary_Code
X = 'IMG_171011_201951_0056_RGB.JPG,2017:10:11 20:19:51,76.365990,W,3.501372,N,996.510742'; CIAT_2_Auxiliary_Code
X = 'IMG_171011_201953_0057_RGB.JPG,2017:10:11 20:19:53,76.366000,W,3.501397,N,996.378052'; CIAT_2_Auxiliary_Code
X = 'IMG_171011_201955_0058_RGB.JPG,2017:10:11 20:19:55,76.366014,W,3.501401,N,996.651367'; CIAT_2_Auxiliary_Code
X = 'IMG_171011_201957_0059_RGB.JPG,2017:10:11 20:19:57,76.366011,W,3.501381,N,996.353088'; CIAT_2_Auxiliary_Code
X = 'IMG_171011_201959_0060_RGB.JPG,2017:10:11 20:19:59,76.365997,W,3.501349,N,996.194580'; CIAT_2_Auxiliary_Code
X = 'IMG_171011_202001_0061_RGB.JPG,2017:10:11 20:20:01,76.365984,W,3.501314,N,996.425232'; CIAT_2_Auxiliary_Code
X = 'IMG_171011_202003_0062_RGB.JPG,2017:10:11 20:20:03,76.365973,W,3.501281,N,996.521362'; CIAT_2_Auxiliary_Code
X = 'IMG_171011_202005_0063_RGB.JPG,2017:10:11 20:20:05,76.365966,W,3.501262,N,996.651367'; CIAT_2_Auxiliary_Code
X = 'IMG_171011_202007_0064_RGB.JPG,2017:10:11 20:20:07,76.365975,W,3.501287,N,997.129395'; CIAT_2_Auxiliary_Code
X = 'IMG_171011_202009_0065_RGB.JPG,2017:10:11 20:20:09,76.366003,W,3.501343,N,997.143250'; CIAT_2_Auxiliary_Code
X = 'IMG_171011_202738_0024_RGB.JPG,2017:10:11 20:27:38,76.366049,W,3.501360,N,997.358643'; CIAT_2_Auxiliary_Code
X = 'IMG_171011_202740_0025_RGB.JPG,2017:10:11 20:27:40,76.366033,W,3.501311,N,998.139709'; CIAT_2_Auxiliary_Code
X = 'IMG_171011_202742_0026_RGB.JPG,2017:10:11 20:27:42,76.366014,W,3.501252,N,999.212097'; CIAT_2_Auxiliary_Code
X = 'IMG_171011_202744_0027_RGB.JPG,2017:10:11 20:27:44,76.366001,W,3.501211,N,999.409241'; CIAT_2_Auxiliary_Code
X = 'IMG_171011_202746_0028_RGB.JPG,2017:10:11 20:27:46,76.365991,W,3.501179,N,999.883423'; CIAT_2_Auxiliary_Code
X = 'IMG_171011_202748_0029_RGB.JPG,2017:10:11 20:27:48,76.365976,W,3.501153,N,1000.058533'; CIAT_2_Auxiliary_Code
X = 'IMG_171011_202750_0030_RGB.JPG,2017:10:11 20:27:50,76.365952,W,3.501158,N,1000.023132'; CIAT_2_Auxiliary_Code
X = 'IMG_171011_202752_0031_RGB.JPG,2017:10:11 20:27:52,76.365956,W,3.501174,N,999.368347'; CIAT_2_Auxiliary_Code
